1 0.6939695477485657
2 0.6873841285705566
3 0.6798388361930847
4 0.6723998188972473
5 0.6663933992385864
6 0.6605647802352905
7 0.6541857719421387
8 0.648211658000946
9 0.6433085203170776
10 0.6373060345649719
11 0.6324194073677063
12 0.627860426902771
13 0.6223744750022888
14 0.6184409856796265
15 0.6141644716262817
16 0.6096605658531189
17 0.6060000061988831
18 0.6022891402244568
19 0.5991957187652588
20 0.5960264205932617
21 0.5922725200653076
22 0.5889751315116882
23 0.5865027904510498
24 0.5838094353675842
25 0.5808935165405273
26 0.5793994069099426
27 0.5756120681762695
28 0.5730341076850891
29 0.5700345039367676
30 0.5682687759399414
31 0.5649436116218567
32 0.5631018280982971
33 0.5609948039054871
34 0.5585887432098389
35 0.5560808181762695
36 0.5536099672317505
37 0.551284909248352
38 0.5483438968658447
39 0.5463866591453552
40 0.5443041920661926
41 0.5416052937507629
42 0.5395135283470154
43 0.5364582538604736
44 0.5334174633026123
45 0.5315183997154236
46 0.5285225510597229
47 0.525452196598053
48 0.5224080681800842
49 0.5205846428871155
50 0.5173904299736023
51 0.5152151584625244
52 0.5116725564002991
53 0.5084211230278015
54 0.5047816634178162
55 0.5028395652770996
56 0.4993361234664917
57 0.49602818489074707
58 0.49303844571113586
59 0.488614946603775
60 0.4864186644554138
61 0.48232001066207886
62 0.4792047441005707
63 0.4749196767807007
64 0.4719754159450531
65 0.46707817912101746
66 0.46270859241485596
67 0.4592088758945465
68 0.4530641436576843
69 0.4483776390552521
70 0.44336172938346863
71 0.4373783469200134
72 0.43196699023246765
73 0.4260055720806122
74 0.4195685386657715
75 0.4109098017215729
76 0.40400680899620056
77 0.39543417096138
78 0.3876757323741913
79 0.37817975878715515
80 0.36817893385887146
81 0.35887327790260315
82 0.3491005599498749
83 0.33947885036468506
84 0.3303370475769043
85 0.32150396704673767
86 0.31420576572418213
87 0.30662110447883606
88 0.3008711338043213
89 0.2946942448616028
90 0.2893821895122528
91 0.28422772884368896
92 0.2798398733139038
93 0.2744450271129608
94 0.27037787437438965
95 0.2655802071094513
96 0.2623993754386902
97 0.2591453194618225
98 0.2549501359462738
99 0.2521664500236511
100 0.24828095734119415
101 0.24562568962574005
102 0.24305328726768494
103 0.23951931297779083
104 0.23736318945884705
105 0.23418153822422028
106 0.2335367500782013
107 0.23181910812854767
108 0.22860658168792725
109 0.22688788175582886
110 0.22423695027828217
111 0.22295790910720825
112 0.22165174782276154
113 0.2194599211215973
114 0.21733684837818146
115 0.21654962003231049
116 0.21497368812561035
117 0.21328671276569366
118 0.21135219931602478
119 0.21009953320026398
120 0.20869840681552887
121 0.20788167417049408
122 0.20636792480945587
123 0.20591463148593903
124 0.20326314866542816
125 0.20337408781051636
126 0.20202483236789703
127 0.20041592419147491
128 0.19992566108703613
129 0.1977795511484146
130 0.19691792130470276
131 0.19701774418354034
132 0.19597961008548737
133 0.19420258700847626
134 0.19359885156154633
135 0.19222986698150635
136 0.1909477412700653
137 0.19045807421207428
138 0.1899052858352661
139 0.18950483202934265
140 0.1889907866716385
141 0.18726439774036407
142 0.1867860108613968
143 0.1866343468427658
144 0.18476565182209015
145 0.18425653874874115
146 0.18421989679336548
147 0.18224802613258362
148 0.18167458474636078
149 0.18175162374973297
150 0.18254192173480988
151 0.17994773387908936
152 0.1789066642522812
153 0.17847569286823273
154 0.17853248119354248
155 0.178404301404953
156 0.17667312920093536
157 0.1765585094690323
158 0.17578071355819702
159 0.17476215958595276
160 0.17469149827957153
161 0.1747753918170929
162 0.17332574725151062
163 0.17250384390354156
164 0.17267456650733948
165 0.1726146936416626
166 0.17088156938552856
167 0.17105938494205475
168 0.17072947323322296
169 0.16991285979747772
170 0.16931875050067902
171 0.16825717687606812
172 0.16830553114414215
173 0.16812853515148163
174 0.16760168969631195
175 0.16640615463256836
176 0.16540324687957764
177 0.16564588248729706
178 0.164842426776886
179 0.1645205169916153
180 0.16378147900104523
181 0.16318164765834808
182 0.16421712934970856
183 0.16375233232975006
184 0.16216546297073364
185 0.16145940124988556
186 0.16099755465984344
187 0.1613030582666397
188 0.16059599816799164
189 0.16006320714950562
190 0.15926261246204376
191 0.15990500152111053
192 0.1587946116924286
193 0.158956840634346
194 0.15856005251407623
195 0.15719005465507507
196 0.15702982246875763
197 0.15608544647693634
198 0.15611930191516876
199 0.1563338339328766
200 0.15568484365940094
201 0.15410135686397552
202 0.1543418914079666
203 0.1535644233226776
204 0.1539417803287506
205 0.15438340604305267
206 0.1530776023864746
207 0.15141110122203827
208 0.15275022387504578
209 0.15217061340808868
210 0.1509883850812912
211 0.15053892135620117
212 0.15053027868270874
213 0.1499178260564804
214 0.14982135593891144
215 0.1498175859451294
216 0.14922960102558136
217 0.1485832929611206
218 0.14726538956165314
219 0.14838406443595886
220 0.14751559495925903
221 0.1474519819021225
222 0.14647451043128967
223 0.14704252779483795
224 0.14590144157409668
225 0.14626654982566833
226 0.1449991911649704
227 0.14393964409828186
228 0.14426764845848083
229 0.1444748193025589
230 0.14445216953754425
231 0.14294476807117462
232 0.14432597160339355
233 0.14341668784618378
234 0.14249610900878906
235 0.14188982546329498
236 0.14143826067447662
237 0.13989686965942383
238 0.1408424824476242
239 0.13913176953792572
240 0.14009632170200348
241 0.13968732953071594
242 0.13902422785758972
243 0.13940247893333435
244 0.13798382878303528
245 0.1380661427974701
246 0.13807441294193268
247 0.1376882642507553
248 0.1366087943315506
249 0.136713907122612
250 0.1357402205467224
251 0.136015385389328
252 0.13646899163722992
253 0.13476897776126862
254 0.13455599546432495
255 0.134781613945961
256 0.13352714478969574
257 0.1329776793718338
258 0.13377660512924194
259 0.1338140368461609
260 0.1327020823955536
261 0.1320999562740326
262 0.13151592016220093
263 0.13201697170734406
264 0.1319882571697235
265 0.1313900351524353
266 0.1316356062889099
267 0.13012441992759705
268 0.12962712347507477
269 0.12997221946716309
270 0.12830597162246704
271 0.12864573299884796
272 0.12897054851055145
273 0.1286788433790207
274 0.1273329108953476
275 0.12680134177207947
276 0.1278190165758133
277 0.1265190839767456
278 0.12631826102733612
279 0.12632077932357788
280 0.1258615255355835
281 0.1262969672679901
282 0.12529295682907104
283 0.12498008459806442
284 0.12454389035701752
285 0.12445741891860962
286 0.12438841909170151
287 0.12415927648544312
288 0.12346690148115158
289 0.1236366555094719
290 0.12217768281698227
291 0.1221277117729187
292 0.12302161008119583
293 0.12185273319482803
294 0.12175818532705307
295 0.12195438891649246
296 0.12026892602443695
297 0.12000081688165665
298 0.1207071840763092
299 0.11829191446304321
300 0.12035506218671799
301 0.1183929443359375
302 0.11949390172958374
303 0.11786089837551117
304 0.1180446669459343
305 0.11710933595895767
306 0.11720483005046844
307 0.11803793162107468
308 0.11709920316934586
309 0.11695660650730133
310 0.11647513508796692
311 0.11603373289108276
312 0.11530032008886337
313 0.11537962406873703
314 0.1160123348236084
315 0.11502052843570709
316 0.11441259831190109
317 0.11492158472537994
318 0.11483962833881378
319 0.11418122798204422
320 0.11352410167455673
321 0.11431705206632614
322 0.11341354995965958
323 0.11335040628910065
324 0.11285652220249176
325 0.11251309514045715
326 0.11120161414146423
327 0.111961729824543
328 0.11153870075941086
329 0.11088041216135025
330 0.11164310574531555
331 0.11107976734638214
332 0.11118197441101074
333 0.1099855899810791
334 0.10963576287031174
335 0.10953707993030548
336 0.11005977541208267
337 0.1090671718120575
338 0.11056515574455261
339 0.10793352872133255
340 0.10879159718751907
341 0.10816652327775955
342 0.10774564743041992
343 0.10745994001626968
344 0.10750488191843033
345 0.10718617588281631
346 0.10657117515802383
347 0.10716786980628967
348 0.10672129690647125
349 0.10660604387521744
350 0.10663436353206635
351 0.10483840852975845
352 0.10566050559282303
353 0.10562268644571304
354 0.10528495907783508
355 0.10556864738464355
356 0.10481423139572144
357 0.105197012424469
358 0.1038861945271492
359 0.1039004996418953
360 0.10398688912391663
361 0.10411658138036728
362 0.10263515263795853
363 0.10321976244449615
364 0.10308325290679932
365 0.10300271213054657
366 0.10229486972093582
367 0.10209713876247406
368 0.10263705998659134
369 0.10094741731882095
370 0.10138305276632309
371 0.10060454905033112
372 0.10192808508872986
373 0.1004745289683342
374 0.10062065720558167
375 0.10099039226770401
376 0.09961795061826706
377 0.10000205785036087
378 0.09988781064748764
379 0.09968996793031693
380 0.09993276000022888
381 0.09914954006671906
382 0.09930630773305893
383 0.09908506274223328
384 0.0991903617978096
385 0.09840837121009827
386 0.09860027581453323
387 0.09798635542392731
388 0.09717071056365967
389 0.09872575849294662
390 0.09770834445953369
391 0.09763862192630768
392 0.09684665501117706
393 0.09756509959697723
394 0.09645763039588928
395 0.09610848128795624
396 0.09560345113277435
397 0.09585525095462799
398 0.09544714540243149
399 0.09587154537439346
400 0.09561874717473984
401 0.09626177698373795
402 0.09565553069114685
403 0.09565842151641846
404 0.09491125494241714
405 0.09403745830059052
406 0.09351407736539841
407 0.09369312971830368
408 0.09438777714967728
409 0.0942579060792923
410 0.09293461591005325
411 0.0931769460439682
412 0.09318365901708603
413 0.09269930422306061
414 0.0927506536245346
415 0.09198056161403656
416 0.0925871953368187
417 0.09155507385730743
418 0.09079094231128693
419 0.09181936085224152
420 0.09169446676969528
421 0.09165447950363159
422 0.09177862852811813
423 0.09193039685487747
424 0.09063837677240372
425 0.09129740297794342
426 0.09004592150449753
427 0.08996390551328659
428 0.0899076908826828
429 0.08957866579294205
430 0.09035202115774155
431 0.0901414230465889
432 0.08972541242837906
433 0.08963008970022202
434 0.08922462910413742
435 0.08863598853349686
436 0.08834005147218704
437 0.08845693618059158
438 0.08903013169765472
439 0.08812260627746582
440 0.08822513371706009
441 0.08773018419742584
442 0.08834477514028549
443 0.0873628631234169
444 0.0885193794965744
445 0.08767661452293396
446 0.08729825168848038
447 0.08708004653453827
448 0.0867612436413765
449 0.08684506267309189
450 0.08695471286773682
451 0.0861053541302681
452 0.0860675647854805
453 0.08639822155237198
454 0.08636023849248886
455 0.08559314161539078
456 0.08661618083715439
457 0.08533409982919693
458 0.08565989136695862
459 0.08491655439138412
460 0.08502712100744247
461 0.08492526412010193
462 0.08399852365255356
463 0.0837356224656105
464 0.08421622961759567
465 0.0826621875166893
466 0.08381933718919754
467 0.0840631052851677
468 0.08396748453378677
469 0.08324990421533585
470 0.0836540013551712
471 0.08290859311819077
472 0.08323490619659424
473 0.08233141899108887
474 0.08281759172677994
475 0.0820889100432396
476 0.08201003074645996
477 0.08228904008865356
478 0.08195726573467255
479 0.08237897604703903
480 0.0816665068268776
481 0.08254223316907883
482 0.08116297423839569
483 0.08168686926364899
484 0.08021363615989685
485 0.0817670077085495
486 0.08085213601589203
487 0.08044321089982986
488 0.08033614605665207
489 0.08025695383548737
490 0.07980138063430786
491 0.08037418872117996
492 0.07949943840503693
493 0.08015218377113342
494 0.07964356988668442
495 0.07874884456396103
496 0.07960248738527298
497 0.07959424704313278
498 0.07938831299543381
499 0.07853489369153976
500 0.07906875759363174
501 0.07876105606555939
502 0.07783620804548264
503 0.07785443961620331
504 0.07786472886800766
505 0.07783900201320648
506 0.07758954912424088
507 0.07752306014299393
508 0.07747230678796768
509 0.07787550240755081
510 0.07785633206367493
511 0.07656112313270569
512 0.07700441777706146
513 0.07629798352718353
514 0.07697883248329163
515 0.07649993151426315
516 0.07719647884368896
517 0.07661503553390503
518 0.07579945772886276
519 0.07626806199550629
520 0.0757182314991951
521 0.07635807991027832
522 0.07475636154413223
523 0.07517434656620026
524 0.07613375037908554
525 0.07564374059438705
526 0.07515480369329453
527 0.07454614341259003
528 0.07485466450452805
529 0.0752907246351242
530 0.07506050914525986
531 0.07522440701723099
532 0.07427245378494263
533 0.07416493445634842
534 0.07377985119819641
535 0.07404249906539917
536 0.07395609468221664
537 0.07413515448570251
538 0.0738610178232193
539 0.07287733256816864
540 0.07355013489723206
541 0.07301905006170273
542 0.0733870193362236
543 0.07269806414842606
544 0.0726325735449791
545 0.0731964185833931
546 0.07250326871871948
547 0.07228145003318787
548 0.07137789577245712
549 0.0717538520693779
550 0.07226240634918213
551 0.07222741842269897
552 0.0714028850197792
553 0.07211528718471527
554 0.07154800742864609
555 0.07180292159318924
556 0.07176778465509415
557 0.07132787257432938
558 0.07132154703140259
559 0.07086420059204102
560 0.07106941193342209
561 0.07027927786111832
562 0.07062041014432907
563 0.07015855610370636
564 0.06988902390003204
565 0.06879115104675293
566 0.06935654580593109
567 0.06944119185209274
568 0.07021749764680862
569 0.06961682438850403
570 0.06979428976774216
571 0.06935808062553406
572 0.06953129917383194
573 0.06892522424459457
574 0.06911563873291016
575 0.06877612322568893
576 0.06802722811698914
577 0.06921340525150299
578 0.06836065649986267
579 0.06864962726831436
580 0.068717822432518
581 0.06925953924655914
582 0.06803096830844879
583 0.06803406774997711
584 0.06848873198032379
585 0.0674031600356102
586 0.06771714240312576
587 0.06753336638212204
588 0.06773867458105087
589 0.06793858855962753
590 0.0678035095334053
591 0.0664893239736557
592 0.06732405722141266
593 0.06716222316026688
594 0.06749549508094788
595 0.06635468453168869
596 0.06701727956533432
597 0.06659131497144699
598 0.06573142111301422
599 0.06641574203968048
600 0.06613944470882416
601 0.06670165061950684
602 0.06583213806152344
603 0.06592577695846558
604 0.06517748534679413
605 0.06505494564771652
606 0.0657133013010025
607 0.06529314070940018
608 0.06512819230556488
609 0.06509701907634735
610 0.06540437042713165
611 0.06331682950258255
612 0.06488846242427826
613 0.06504399329423904
614 0.0649673268198967
615 0.06475015729665756
616 0.06377237290143967
617 0.06411191076040268
618 0.06400639563798904
619 0.06361724436283112
620 0.06446101516485214
621 0.06445596367120743
622 0.0631197839975357
623 0.06299624592065811
624 0.06399457901716232
625 0.06313533335924149
626 0.06256701797246933
627 0.06339515745639801
628 0.06324799358844757
629 0.0629270151257515
630 0.06283596158027649
631 0.06293393671512604
632 0.06242305785417557
633 0.06278499215841293
634 0.06255261600017548
635 0.06291145086288452
636 0.06132782995700836
637 0.06238546222448349
638 0.06199222803115845
639 0.06165378540754318
640 0.061720963567495346
641 0.06179226562380791
642 0.06241484358906746
643 0.06191631034016609
644 0.06088022515177727
645 0.060956086963415146
646 0.060930006206035614
647 0.06132105365395546
648 0.06116510182619095
649 0.06075810268521309
650 0.060097407549619675
651 0.060751911252737045
652 0.06010624021291733
653 0.06008034944534302
654 0.059679508209228516
655 0.060644567012786865
656 0.059107497334480286
657 0.0602906234562397
658 0.05972163379192352
659 0.05941789597272873
660 0.0605560727417469
661 0.05887891724705696
662 0.059522826224565506
663 0.059547241777181625
664 0.05900784209370613
665 0.059146322309970856
666 0.05873846262693405
667 0.05828429013490677
668 0.05908720940351486
669 0.05810949206352234
670 0.05879181995987892
671 0.05793072283267975
672 0.05823228508234024
673 0.05859990417957306
674 0.05772756412625313
675 0.05800456926226616
676 0.058552127331495285
677 0.05756979063153267
678 0.05749453604221344
679 0.05756162852048874
680 0.057032760232686996
681 0.05677396059036255
682 0.05660495534539223
683 0.057209137827157974
684 0.05618463456630707
685 0.05688676983118057
686 0.056585900485515594
687 0.05701315030455589
688 0.056639183312654495
689 0.056347593665122986
690 0.05669718608260155
691 0.056700482964515686
692 0.057077087461948395
693 0.05659375712275505
694 0.05615347996354103
695 0.05576343834400177
696 0.056236039847135544
697 0.05567914620041847
698 0.055816516280174255
699 0.05562184751033783
700 0.05602722615003586
