1 0.6901474595069885
2 0.6818348169326782
3 0.673636257648468
4 0.6656965017318726
5 0.6580855846405029
6 0.6507923603057861
7 0.64377361536026
8 0.6369844675064087
9 0.6303846836090088
10 0.6239795088768005
11 0.6177760362625122
12 0.6117854118347168
13 0.6060420870780945
14 0.6005405187606812
15 0.5952693223953247
16 0.5902319550514221
17 0.5854167342185974
18 0.5808245539665222
19 0.5764675140380859
20 0.5723137855529785
21 0.5683507323265076
22 0.5645558834075928
23 0.5609192252159119
24 0.5574123859405518
25 0.5540193319320679
26 0.5507405400276184
27 0.5475609302520752
28 0.5444754362106323
29 0.5414729118347168
30 0.5385512709617615
31 0.5356879234313965
32 0.5328702926635742
33 0.5300867557525635
34 0.527338445186615
35 0.5246062278747559
36 0.5218772292137146
37 0.5191503763198853
38 0.5164101719856262
39 0.513667643070221
40 0.5109412670135498
41 0.5082413554191589
42 0.5055594444274902
43 0.5028612017631531
44 0.5001403093338013
45 0.4973805248737335
46 0.49458688497543335
47 0.4917396605014801
48 0.4888092279434204
49 0.4858311116695404
50 0.482854425907135
51 0.4798845052719116
52 0.47689270973205566
53 0.47388210892677307
54 0.47083401679992676
55 0.46772101521492004
56 0.4645419716835022
57 0.46129587292671204
58 0.4579488933086395
59 0.4544757008552551
60 0.4508919417858124
61 0.44718435406684875
62 0.4433387219905853
63 0.4393429458141327
64 0.4351297616958618
65 0.4306873679161072
66 0.4259800910949707
67 0.42099565267562866
68 0.41569414734840393
69 0.4100532531738281
70 0.40402674674987793
71 0.39755454659461975
72 0.3906001150608063
73 0.3831128776073456
74 0.3750661313533783
75 0.36644306778907776
76 0.357194185256958
77 0.34740403294563293
78 0.3371482789516449
79 0.3266127109527588
80 0.316034197807312
81 0.30578362941741943
82 0.29623425006866455
83 0.2877342998981476
84 0.28063535690307617
85 0.2749991714954376
86 0.2708379328250885
87 0.2680356800556183
88 0.2663763761520386
89 0.2653670907020569
90 0.2646138072013855
91 0.2639531195163727
92 0.26316845417022705
93 0.26213815808296204
94 0.26085585355758667
95 0.2593124210834503
96 0.2575843334197998
97 0.256045937538147
98 0.2546769082546234
99 0.25346413254737854
100 0.2522800862789154
101 0.2512345016002655
102 0.2504519522190094
103 0.24973684549331665
104 0.24883411824703217
105 0.24780184030532837
106 0.24672389030456543
107 0.24581661820411682
108 0.244968444108963
109 0.24407067894935608
110 0.24323610961437225
111 0.24261216819286346
112 0.2419625222682953
113 0.24130553007125854
114 0.24054667353630066
115 0.23976582288742065
116 0.23899075388908386
117 0.23804178833961487
118 0.23722155392169952
119 0.23643642663955688
120 0.23583798110485077
121 0.23523356020450592
122 0.23457932472229004
123 0.23371297121047974
124 0.2327679842710495
125 0.23201896250247955
126 0.2312408834695816
127 0.23061010241508484
128 0.2299729883670807
129 0.2293977290391922
130 0.22878490388393402
131 0.2283865213394165
132 0.22773578763008118
133 0.22707560658454895
134 0.2268500030040741
135 0.22662094235420227
136 0.22631117701530457
137 0.22607959806919098
138 0.22571684420108795
139 0.22518306970596313
140 0.2248377799987793
141 0.22455313801765442
142 0.22433888912200928
143 0.22402390837669373
144 0.2238878607749939
145 0.22387398779392242
146 0.22380031645298004
147 0.22374199330806732
148 0.22346152365207672
149 0.22294963896274567
150 0.22260825335979462
151 0.222303107380867
152 0.22243978083133698
153 0.2224823534488678
154 0.22242216765880585
155 0.222464919090271
156 0.22255267202854156
157 0.2225854992866516
158 0.22259816527366638
159 0.2224465310573578
160 0.22217030823230743
161 0.22177919745445251
162 0.22149020433425903
163 0.22117729485034943
164 0.22083128988742828
165 0.22040744125843048
166 0.21997350454330444
167 0.2197626680135727
168 0.21977023780345917
169 0.21974293887615204
170 0.21982894837856293
171 0.21985971927642822
172 0.21984675526618958
173 0.2197479009628296
174 0.2194923758506775
175 0.21913404762744904
176 0.21905666589736938
177 0.21892616152763367
178 0.21875672042369843
179 0.21867966651916504
180 0.21861156821250916
181 0.21850481629371643
182 0.21841157972812653
183 0.21813763678073883
184 0.21792209148406982
185 0.2178153395652771
186 0.21788957715034485
187 0.21791011095046997
188 0.21785297989845276
189 0.2177971750497818
190 0.2176763117313385
191 0.21749766170978546
192 0.2172490656375885
193 0.21697980165481567
194 0.21675382554531097
195 0.21666525304317474
196 0.2166319191455841
197 0.21631325781345367
198 0.2160109132528305
199 0.21594004333019257
200 0.216166689991951
201 0.21623806655406952
202 0.21602702140808105
203 0.2159803956747055
204 0.21580708026885986
205 0.2156214565038681
206 0.21525675058364868
207 0.21502138674259186
208 0.21499840915203094
209 0.21499550342559814
210 0.21479098498821259
211 0.214819997549057
212 0.21514703333377838
213 0.2154524326324463
214 0.21552780270576477
215 0.215422585606575
216 0.21512524783611298
217 0.21484296023845673
218 0.21490703523159027
219 0.21498295664787292
220 0.21496742963790894
221 0.21472738683223724
222 0.21476887166500092
223 0.21481245756149292
224 0.21442736685276031
225 0.21401062607765198
226 0.2141360640525818
227 0.21412213146686554
228 0.21381491422653198
229 0.21383348107337952
230 0.21395426988601685
231 0.21366795897483826
232 0.21346153318881989
233 0.2134438306093216
234 0.21369843184947968
235 0.21367765963077545
236 0.21333763003349304
237 0.21316494047641754
238 0.21344159543514252
239 0.21368932723999023
240 0.2133568674325943
241 0.21298566460609436
242 0.21300578117370605
243 0.2130221724510193
244 0.2126733809709549
245 0.2122918963432312
246 0.21233074367046356
247 0.21252970397472382
248 0.21272800862789154
249 0.21256203949451447
250 0.21239545941352844
251 0.21282178163528442
252 0.21314676105976105
253 0.21315374970436096
254 0.21332721412181854
255 0.2130233496427536
256 0.21245735883712769
257 0.21234309673309326
258 0.2126482129096985
259 0.21264375746250153
260 0.2122478485107422
261 0.21202796697616577
262 0.21186575293540955
263 0.2121792584657669
264 0.21236194670200348
265 0.21191178262233734
266 0.21160097420215607
267 0.21185144782066345
268 0.21193835139274597
269 0.21193791925907135
270 0.21166440844535828
271 0.21165594458580017
272 0.21214652061462402
273 0.21208590269088745
274 0.2115434855222702
275 0.2108868509531021
276 0.21071967482566833
277 0.21080414950847626
278 0.21079561114311218
279 0.21064423024654388
280 0.2103210836648941
281 0.21014352142810822
282 0.2107260674238205
283 0.21105240285396576
284 0.2110355794429779
285 0.21071678400039673
286 0.21065005660057068
287 0.21065881848335266
288 0.21066077053546906
289 0.2106776386499405
290 0.21053144335746765
291 0.21047835052013397
292 0.21035988628864288
293 0.21037353575229645
294 0.21057379245758057
295 0.2106183022260666
296 0.21070338785648346
297 0.21026422083377838
298 0.20984232425689697
299 0.20982787013053894
300 0.21005088090896606
301 0.2098337858915329
302 0.20961999893188477
303 0.2097124308347702
304 0.20950697362422943
305 0.20900331437587738
306 0.208686962723732
307 0.20920810103416443
308 0.2093503475189209
309 0.20920215547084808
310 0.20896804332733154
311 0.2086021453142166
312 0.20856063067913055
313 0.2089252471923828
314 0.20911119878292084
315 0.20889943838119507
316 0.2085806131362915
317 0.20848162472248077
318 0.20863136649131775
319 0.20848825573921204
320 0.20876151323318481
321 0.20892134308815002
322 0.20891830325126648
323 0.20858561992645264
324 0.20792336761951447
325 0.20742946863174438
326 0.20760715007781982
327 0.20822986960411072
328 0.2078694850206375
329 0.20724496245384216
330 0.20753763616085052
331 0.20815183222293854
332 0.20811417698860168
333 0.20749640464782715
334 0.20734496414661407
335 0.20764733850955963
336 0.20787760615348816
337 0.20725922286510468
338 0.20613856613636017
339 0.20570366084575653
340 0.20571601390838623
341 0.20591944456100464
342 0.20585723221302032
343 0.20583343505859375
344 0.205812007188797
345 0.20553183555603027
346 0.20529870688915253
347 0.20522081851959229
348 0.2054271697998047
349 0.20499402284622192
350 0.20440232753753662
351 0.203826442360878
352 0.20404863357543945
353 0.20414671301841736
354 0.2043699473142624
355 0.20470595359802246
356 0.20467889308929443
357 0.2043798416852951
358 0.20413914322853088
359 0.20364002883434296
360 0.20373064279556274
361 0.20354893803596497
362 0.20362155139446259
363 0.20311111211776733
364 0.20292314887046814
365 0.20303620398044586
366 0.20292825996875763
367 0.20293493568897247
368 0.2029329389333725
369 0.20280981063842773
370 0.20229677855968475
371 0.20195986330509186
372 0.2020811140537262
373 0.20234031975269318
374 0.20264258980751038
375 0.20226378738880157
376 0.20232830941677094
377 0.20241506397724152
378 0.20217697322368622
379 0.2020338624715805
380 0.20170290768146515
381 0.20156967639923096
382 0.20158544182777405
383 0.20107345283031464
384 0.20068421959877014
385 0.2008398175239563
386 0.20082125067710876
387 0.20124974846839905
388 0.2009899616241455
389 0.2005181610584259
390 0.19985933601856232
391 0.19999411702156067
392 0.20042017102241516
393 0.2002851665019989
394 0.19959798455238342
395 0.19888253509998322
396 0.1987978219985962
397 0.19880440831184387
398 0.1986868530511856
399 0.19906771183013916
400 0.19944554567337036
401 0.19892947375774384
402 0.1986449807882309
403 0.19861440360546112
404 0.198909193277359
405 0.19860610365867615
406 0.19820712506771088
407 0.19847603142261505
408 0.19865520298480988
409 0.19821122288703918
410 0.1977279633283615
411 0.1976681500673294
412 0.19756361842155457
413 0.19722512364387512
414 0.19720205664634705
415 0.19727885723114014
416 0.1974148452281952
417 0.19743318855762482
418 0.19705460965633392
419 0.19644396007061005
420 0.19630534946918488
421 0.19631899893283844
422 0.19591233134269714
423 0.19549979269504547
424 0.19552835822105408
425 0.19574840366840363
426 0.19536924362182617
427 0.19543154537677765
428 0.19573886692523956
429 0.19556266069412231
430 0.19546206295490265
431 0.19517818093299866
432 0.19502271711826324
433 0.19533288478851318
434 0.19555121660232544
435 0.1952580362558365
436 0.19498977065086365
437 0.19480381906032562
438 0.19478879868984222
439 0.19461698830127716
440 0.19442510604858398
441 0.1940537989139557
442 0.19379158318042755
443 0.193436861038208
444 0.19334661960601807
445 0.19343337416648865
446 0.1939786970615387
447 0.19427980482578278
448 0.19459591805934906
449 0.19466562569141388
450 0.1942743957042694
451 0.19363237917423248
452 0.19304712116718292
453 0.1927056908607483
454 0.19293718039989471
455 0.19339042901992798
456 0.19323815405368805
457 0.19251039624214172
458 0.19175267219543457
459 0.19174781441688538
460 0.1916903257369995
461 0.19159375131130219
462 0.19153207540512085
463 0.19132375717163086
464 0.19129812717437744
465 0.19182884693145752
466 0.19208641350269318
467 0.1920347809791565
468 0.19208762049674988
469 0.19209535419940948
470 0.19178396463394165
471 0.1916102021932602
472 0.19144941866397858
473 0.19139568507671356
474 0.19106969237327576
475 0.1904718577861786
476 0.18999288976192474
477 0.19007277488708496
478 0.19049902260303497
479 0.1907528042793274
480 0.19037660956382751
481 0.19005870819091797
482 0.18997693061828613
483 0.18988612294197083
484 0.19001615047454834
485 0.18997131288051605
486 0.19006437063217163
487 0.19011357426643372
488 0.18966229259967804
489 0.18938814103603363
490 0.18929153680801392
491 0.18970979750156403
492 0.18991032242774963
493 0.18959832191467285
494 0.18953649699687958
495 0.18952208757400513
496 0.1899721920490265
497 0.19001835584640503
498 0.18972983956336975
499 0.18915732204914093
500 0.1883990317583084
501 0.18812410533428192
502 0.18838362395763397
503 0.18884848058223724
504 0.1891188770532608
505 0.18918520212173462
506 0.18915055692195892
507 0.1889483630657196
508 0.18877165019512177
509 0.1885601133108139
510 0.1885269433259964
511 0.1884259134531021
512 0.18827834725379944
513 0.18821176886558533
514 0.18831905722618103
515 0.1885318160057068
516 0.18900497257709503
517 0.18911845982074738
518 0.18899372220039368
519 0.18888822197914124
520 0.18834082782268524
521 0.18791793286800385
522 0.18765093386173248
523 0.18736672401428223
524 0.1875358670949936
525 0.18802961707115173
526 0.1884043663740158
527 0.18866685032844543
528 0.18845480680465698
529 0.1881697028875351
530 0.18797698616981506
531 0.1878730058670044
532 0.18802981078624725
533 0.1880888044834137
534 0.18785332143306732
535 0.1877257227897644
536 0.18708933889865875
537 0.1866501122713089
538 0.1864108443260193
539 0.18638911843299866
540 0.18647581338882446
541 0.18668627738952637
542 0.1869436353445053
543 0.1874072551727295
544 0.18746991455554962
545 0.18692289292812347
546 0.18616639077663422
547 0.18606121838092804
548 0.18646085262298584
549 0.18670609593391418
550 0.18690814077854156
551 0.18691474199295044
552 0.18702876567840576
553 0.18691696226596832
554 0.18680036067962646
555 0.18680067360401154
556 0.18681971728801727
557 0.1869923323392868
558 0.18685604631900787
559 0.1866437792778015
560 0.1863459348678589
561 0.18622548878192902
562 0.18632729351520538
563 0.1862146109342575
564 0.1864248514175415
565 0.1864251047372818
566 0.18634448945522308
567 0.18625012040138245
568 0.1860346645116806
569 0.18607917428016663
570 0.18605577945709229
571 0.18651847541332245
572 0.18713046610355377
573 0.1868639439344406
574 0.18624114990234375
575 0.18592587113380432
576 0.1857566386461258
577 0.18571209907531738
578 0.18606393039226532
579 0.18648800253868103
580 0.18667736649513245
581 0.18677400052547455
582 0.18662859499454498
583 0.18618087470531464
584 0.18608678877353668
585 0.1859833300113678
586 0.18595977127552032
587 0.18592947721481323
588 0.1856640726327896
589 0.1858317255973816
590 0.1860467791557312
591 0.18602558970451355
592 0.18589694797992706
593 0.18606537580490112
594 0.18594861030578613
595 0.1859613060951233
596 0.1858343780040741
597 0.18582309782505035
598 0.1859986037015915
599 0.1857592910528183
600 0.18516646325588226
601 0.18539397418498993
602 0.18629145622253418
603 0.18638059496879578
604 0.18633036315441132
605 0.1862301528453827
606 0.18596620857715607
607 0.1857357919216156
608 0.1855676919221878
609 0.1853458285331726
610 0.18555574119091034
611 0.18620657920837402
612 0.18674013018608093
613 0.18613944947719574
614 0.1852252334356308
615 0.184971883893013
616 0.1847294270992279
617 0.18523909151554108
618 0.18535470962524414
619 0.18529026210308075
620 0.18565082550048828
621 0.1858828067779541
622 0.18548321723937988
623 0.18559671938419342
624 0.18531718850135803
625 0.18509016931056976
626 0.18525314331054688
627 0.18505938351154327
628 0.1856202930212021
629 0.1858084499835968
630 0.18615397810935974
631 0.18614980578422546
632 0.1858721822500229
633 0.1849692165851593
634 0.18373680114746094
635 0.18333055078983307
636 0.1841306835412979
637 0.1851625293493271
638 0.1856723427772522
639 0.18559210002422333
640 0.18547235429286957
641 0.18492989242076874
642 0.18460626900196075
643 0.1850004494190216
644 0.18538795411586761
645 0.18553312122821808
646 0.1854054182767868
647 0.1853831708431244
648 0.18482673168182373
649 0.1852552890777588
650 0.18603956699371338
651 0.18585063517093658
652 0.18551573157310486
653 0.18572691082954407
654 0.18531280755996704
655 0.1848503202199936
656 0.18517832458019257
657 0.18517234921455383
658 0.18606238067150116
659 0.18650390207767487
660 0.18652893602848053
661 0.18674542009830475
662 0.18620744347572327
663 0.18565261363983154
664 0.1861732006072998
665 0.1865672469139099
666 0.1867661029100418
667 0.18675804138183594
668 0.18690089881420135
669 0.18653851747512817
670 0.18611781299114227
671 0.186489075422287
672 0.1862630993127823
673 0.18658272922039032
674 0.18721972405910492
675 0.18760570883750916
676 0.18752312660217285
677 0.18701796233654022
678 0.18697860836982727
679 0.18641729652881622
680 0.18631882965564728
681 0.18620698153972626
682 0.18704292178153992
683 0.1874239444732666
684 0.1882525086402893
685 0.18747222423553467
686 0.1869463324546814
687 0.1866133213043213
688 0.18709620833396912
689 0.18763841688632965
690 0.18759311735630035
691 0.18783825635910034
692 0.1879253387451172
693 0.18789173662662506
694 0.1881481260061264
695 0.18812412023544312
696 0.18799149990081787
697 0.18742278218269348
698 0.18823584914207458
699 0.18805035948753357
700 0.1882936656475067
